529120576079
296022769723
68802443599
76078076777
480616032991
176155659587
947873523473
238102333409
809589029573
387074784751
598093564169
539604726779
674774634013
464062006657
164461865189
742573566139
946437590083
335768084011
43542721421
969651060803
109487160313
189977647973
521818323277
77308555579
502215835669
881360033531
326120300057
998696358133
953951835449
918229898447
150856037201
907423822973
659671104997
284989807147
375132077953
708431345161
255469808497
938185177889
127564950109
489838585813
377110285169
187227741697
67713898981
22442231561
992888403103
207757234183
505462879517
553277646401
6298346317
612341235019
737026920037
673191060203
780338794057
75848080019
182873167391
22965334939
439677694633
456780037817
131647133369
297941569183
601150028519
129237542009
146759597471
755456078477
220346730347
968980043573
236183743573
995062312589
938928675871
638868181823
207160579151
120319535443
236312983061
679327900751
455372788243
67432104059
592284781019
173695907971
451821492917
241282709279
768805461143
414928891031
970180077649
757346844521
78471170027
770112161699
305679248041
167076548603
750762287567
934413592921
881555783161
497842174363
888475070683
84414734689
820698394231
97653216743
568284972193
421167197327
277911979769
542621728843
801072289697
101955089833
527360563963
850096844039
623017374769
687110232521
728898085957
614809673741